dimensions:
  chamber_area: 0.001121291990658694
  chamber_length: 0.07426583163640967
  chamber_radius: 0.018892282178851895
  chamber_volume: 8.970335925269552e-05
  contraction_ratio: 5.0
  converging_angle: 45
  converging_length: 0.01044339673844776
  diverging_angle: 20
  diverging_length: 0.02881108535512914
  exit_area: 0.0011263997684679752
  exit_radius: 0.01893526292657404
  expansion_ratio: 5.022776305600296
  throat_area: 0.00022425839813173878
  throat_radius: 0.008448885440404136
engine:
  ambient_pressure: 1.013
  cea_exhaust_velocity: 2715.9
  cea_isp: 276.8501529051988
  chamber_pressure: 30
  chamber_temp: 3549.16
  exhaust_gamma: 1.1707
  exhaust_molar_mass: 23.676
  exhaust_velocity: 2581.635821319035
  fuel_mass_flow: 0.11562725471249882
  mass_flow: 0.38735130328687106
  ox_mass_flow: 0.27172404857437227
  specific_impulse: 263.16369228532466
  thrust: 1000
propellants:
  cea_cstar: 1812.3
  characteristic_length: 0.4
  equilibrium: true
  fuel_chem_mass_percs:
  - 100
  fuel_chems:
  - JP-5
  fuel_initial_temp: 298
  of_ratio: 2.35
  ox_chem: O2
  ox_initial_temp: 298
