dimensions:
  chamber_area: 0.002691100777580865
  chamber_length: 0.09702566843879594
  chamber_radius: 0.029267797700217823
  chamber_volume: 0.0003363875971976081
  contraction_ratio: 8.0
  converging_angle: 45
  converging_length: 0.018920068588107793
  diverging_angle: 20
  diverging_length: 0.03528622902791974
  exit_area: 0.0016895996527019623
  exit_radius: 0.023190866157772848
  expansion_ratio: 5.022776305600296
  throat_area: 0.0003363875971976081
  throat_radius: 0.010347729112110031
engine:
  ambient_pressure: 1.013
  cea_exhaust_velocity: 2715.9
  cea_isp: 276.8501529051988
  chamber_pressure: 30
  chamber_temp: 3549.16
  exhaust_gamma: 1.1707
  exhaust_molar_mass: 23.676
  exhaust_velocity: 2581.635821319035
  fuel_mass_flow: 0.17344088206874822
  mass_flow: 0.5810269549303065
  ox_mass_flow: 0.40758607286155835
  specific_impulse: 263.16369228532466
  thrust: 1500
propellants:
  cea_cstar: 1812.3
  characteristic_length: 1
  equilibrium: true
  fuel_chem_mass_percs:
  - 100
  fuel_chems:
  - JP-5
  fuel_initial_temp: 298
  of_ratio: 2.35
  ox_chem: O2
  ox_initial_temp: 298
